22
30
31
31
33
33
33
34
36
37
38
38
41
41
41
42
43
43
43
44
44
44
45
45
46
46
48
48
49
49
50
50
50
51
51
51
52
52
52
52
52
52
53
53
53
54
55
55
55
56
56
57
57
58
59
59
59
59
59
60
60
60
60
61
61
61
61
62
62
62
62
63
63
63
64
64
64
64
65
66
66
66
67
67
68
68
69
69
69
71
71
71
72
72
72
72
72
72
75
75
75
76
76
76
76
77
77
78
78
78
78
78
79
79
79
80
80
80
80
81
81
81
82
82
82
83
83
83
84
84
85
85
85
85
86
86
86
87
87
87
87
87
88
88
88
88
89
89
90
90
91
91
91
91
92
92
92
92
93
94
95
95
96
96
96
97
97
99
99
100
100
101
101
101
101
103
103
104
105
105
106
107
107
108
109
109
109
111
111
113
114
114
115
118
118
119
120
137
137
147
